Image 1

ans =

  489.1983   49.9276

Image 2

ans =

  252.8716   53.6473

Image 1

ans =

  518.4783  202.7102

Image 2

ans =

  282.5367  207.6845

Image 1

ans =

  540.8788   94.9927

Image 2

ans =

  304.7462  102.4366

Image 1

ans =

  528.2063   49.2745

Image 2

ans =

  294.1970   56.3704

Image 1

ans =

  556.1779  126.4894

Image 2

ans =

  318.8466  134.1953

Image 1

ans =

  322.4553  209.4968

Image 2

ans =

   63.9293  214.7004

Image 1

ans =

  478.2423  154.3828

Image 2

ans =

  240.7957  159.1437

Image 1

ans =

  552.4865  122.1205

Image 2

ans =

  315.4096  129.9509

Image 1

ans =

  548.2375  116.7033

Image 2

ans =

  311.2921  124.2166

Image 1

ans =

  400.4724  215.7514

Image 2

ans =

  156.3029  221.3153

Image 1

ans =

  554.7399  184.4090

Image 2

ans =

  318.7255  190.0691

>> 