<?xml version="1.0"?>
<opencv_storage>
<calibration_time>"Sunday 31 January 2016 12:37:03 PM IST"</calibration_time>
<nr_of_frames>3</nr_of_frames>
<image_width>3072</image_width>
<image_height>1728</image_height>
<board_width>9</board_width>
<board_height>6</board_height>
<square_size>25.</square_size>
<fix_aspect_ratio>1.</fix_aspect_ratio>
<!-- flags: +fix_aspectRatio +fix_principal_point +zero_tangent_dist -->
<flags>6158</flags>
<fisheye_model>0</fisheye_model>
<camera_matrix type_id="opencv-matrix">
  <rows>3</rows>
  <cols>3</cols>
  <dt>d</dt>
  <data>
    2.3429210562070466e+03 0. 1.5355000000000000e+03 0.
    2.3429210562070466e+03 8.6350000000000000e+02 0. 0. 1.</data></camera_matrix>
<distortion_coefficients type_id="opencv-matrix">
  <rows>5</rows>
  <cols>1</cols>
  <dt>d</dt>
  <data>
    2.0349160305227480e-02 7.9596399130084405e-01 0. 0.
    -2.7645835802577561e+00</data></distortion_coefficients>
<avg_reprojection_error>1.1019963929128378e+00</avg_reprojection_error>
<per_view_reprojection_errors type_id="opencv-matrix">
  <rows>3</rows>
  <cols>1</cols>
  <dt>f</dt>
  <data>
    1.26118052e+00 1.05495334e+00 9.69373703e-01</data></per_view_reprojection_errors>
<extrinsic_parameters type_id="opencv-matrix">
  <rows>3</rows>
  <cols>6</cols>
  <dt>d</dt>
  <data>
    5.0967783369202740e-02 4.4476194348905818e-02
    -1.6385079812707719e-03 -1.1187734789296130e+02
    -5.8066504664353673e+01 3.4767744165366810e+02
    -8.5804847071212900e-02 3.9290961447785253e-02
    -2.5079878598285310e-01 -1.0509193374413572e+02
    -3.7389754892665110e+01 4.2210837840231517e+02
    1.1242068278302242e-01 5.0715704401323503e-02
    -2.7810014608110940e+00 1.4665020800033950e+01
    1.0056044069659576e+02 4.4388976139150810e+02</data></extrinsic_parameters>
<image_points type_id="opencv-matrix">
  <rows>3</rows>
  <cols>54</cols>
  <dt>"2f"</dt>
  <data>
    7.72502258e+02 4.69897125e+02 9.43249207e+02 4.69258789e+02
    1.11284229e+03 4.68152832e+02 1.28244507e+03 4.66688110e+02
    1.45303113e+03 4.65508850e+02 1.62458643e+03 4.64643219e+02
    1.79711060e+03 4.63119904e+02 1.97138464e+03 4.61502594e+02
    2.14693994e+03 4.60109009e+02 7.77830261e+02 6.39915527e+02
    9.46609863e+02 6.39397644e+02 1.11578333e+03 6.38534851e+02
    1.28495801e+03 6.37844482e+02 1.45450146e+03 6.37298340e+02
    1.62481641e+03 6.36419922e+02 1.79657153e+03 6.35492371e+02
    1.96982361e+03 6.34571533e+02 2.14560938e+03 6.33770142e+02
    7.83519287e+02 8.08682861e+02 9.51552734e+02 8.08300537e+02
    1.11967761e+03 8.07824768e+02 1.28737024e+03 8.07668579e+02
    1.45569336e+03 8.07508972e+02 1.62511060e+03 8.06985535e+02
    1.79545312e+03 8.06759155e+02 1.96794507e+03 8.06851746e+02
    2.14199902e+03 8.06906006e+02 7.87197876e+02 9.76257080e+02
    9.55121948e+02 9.75671326e+02 1.12252075e+03 9.75494141e+02
    1.28949817e+03 9.75557739e+02 1.45695312e+03 9.75734497e+02
    1.62508313e+03 9.76078186e+02 1.79462695e+03 9.76616516e+02
    1.96640259e+03 9.77629028e+02 2.13936060e+03 9.78430542e+02
    7.88440308e+02 1.14378699e+03 9.56417053e+02 1.14339355e+03
    1.12387012e+03 1.14298108e+03 1.29077661e+03 1.14304419e+03
    1.45749292e+03 1.14376746e+03 1.62508606e+03 1.14500195e+03
    1.79416760e+03 1.14653796e+03 1.96509326e+03 1.14804370e+03
    2.13845654e+03 1.15031921e+03 7.88282410e+02 1.31176831e+03
    9.56187256e+02 1.31152649e+03 1.12408398e+03 1.31084155e+03
    1.29127722e+03 1.31045691e+03 1.45792908e+03 1.31096338e+03
    1.62492456e+03 1.31323962e+03 1.79372046e+03 1.31567920e+03
    1.96479993e+03 1.31871167e+03 2.13868286e+03 1.32245862e+03
    9.49687744e+02 6.55464111e+02 1.08478467e+03 6.20410339e+02
    1.21924011e+03 5.84764282e+02 1.35357141e+03 5.49151855e+02
    1.48847412e+03 5.13588989e+02 1.62410547e+03 4.78678009e+02
    1.75991272e+03 4.42570801e+02 1.89713062e+03 4.06194153e+02
    2.03497229e+03 3.69860321e+02 9.82167114e+02 7.88934937e+02
    1.11714636e+03 7.53587769e+02 1.25286401e+03 7.18492310e+02
    1.38797644e+03 6.83419067e+02 1.52350000e+03 6.48076660e+02
    1.65922791e+03 6.12515137e+02 1.79583447e+03 5.76608337e+02
    1.93347168e+03 5.40436401e+02 2.07293091e+03 5.03481079e+02
    1.01465802e+03 9.24237366e+02 1.15079163e+03 8.89041077e+02
    1.28669202e+03 8.53859253e+02 1.42246191e+03 8.18764160e+02
    1.55833875e+03 7.83583374e+02 1.69474231e+03 7.48405396e+02
    1.83179309e+03 7.12716187e+02 1.97056482e+03 6.76681763e+02
    2.11020068e+03 6.40520691e+02 1.04645349e+03 1.06094360e+03
    1.18358093e+03 1.02557495e+03 1.32056763e+03 9.90493896e+02
    1.45686682e+03 9.55409973e+02 1.59363574e+03 9.20471069e+02
    1.73052637e+03 8.85270874e+02 1.86868555e+03 8.49934692e+02
    2.00817505e+03 8.13935608e+02 2.14849512e+03 7.78395020e+02
    1.07732703e+03 1.19986914e+03 1.21587610e+03 1.16447046e+03
    1.35392529e+03 1.12902942e+03 1.49170154e+03 1.09396948e+03
    1.62901025e+03 1.05899707e+03 1.76733264e+03 1.02392432e+03
    1.90638965e+03 9.88650513e+02 2.04676868e+03 9.53428040e+02
    2.18883569e+03 9.17586609e+02 1.10813916e+03 1.34135596e+03
    1.24759680e+03 1.30568884e+03 1.38740784e+03 1.26999646e+03
    1.52628149e+03 1.23453894e+03 1.66513293e+03 1.19944873e+03
    1.80424365e+03 1.16454553e+03 1.94464307e+03 1.12964502e+03
    2.08670117e+03 1.09437036e+03 2.23081860e+03 1.05899194e+03
    1.61294031e+03 1.39488013e+03 1.48894116e+03 1.35088062e+03
    1.36358594e+03 1.30745203e+03 1.23737329e+03 1.26361182e+03
    1.10944873e+03 1.21907727e+03 9.80703674e+02 1.17347314e+03
    8.49407166e+02 1.12825781e+03 7.15663940e+02 1.08227625e+03
    5.80163086e+02 1.03542371e+03 1.65928125e+03 1.27134766e+03
    1.53543848e+03 1.22727649e+03 1.41053870e+03 1.18244031e+03
    1.28455420e+03 1.13752173e+03 1.15741614e+03 1.09233801e+03
    1.02846790e+03 1.04668274e+03 8.97601624e+02 1.00052020e+03
    7.64414734e+02 9.53717468e+02 6.28009827e+02 9.06064148e+02
    1.70544409e+03 1.14744507e+03 1.58203162e+03 1.10238660e+03
    1.45742200e+03 1.05710767e+03 1.33214746e+03 1.01158179e+03
    1.20507227e+03 9.65680054e+02 1.07670496e+03 9.19215393e+02
    9.46368225e+02 8.72399841e+02 8.13260803e+02 8.24554077e+02
    6.77835754e+02 7.75906311e+02 1.75247522e+03 1.02388507e+03
    1.62873730e+03 9.78220215e+02 1.50457922e+03 9.32001099e+02
    1.37933203e+03 8.85891968e+02 1.25279041e+03 8.39069885e+02
    1.12457568e+03 7.91963135e+02 9.94512512e+02 7.43964844e+02
    8.61531921e+02 6.95424194e+02 7.26886414e+02 6.45616028e+02
    1.80029395e+03 9.00412781e+02 1.67662012e+03 8.53719543e+02
    1.55200208e+03 8.06874573e+02 1.42691431e+03 7.59720398e+02
    1.30042212e+03 7.12348022e+02 1.17227271e+03 6.64143005e+02
    1.04178687e+03 6.15287781e+02 9.09589661e+02 5.65340088e+02
    7.73951843e+02 5.14409058e+02 1.84905396e+03 7.76213562e+02
    1.72483936e+03 7.28846191e+02 1.60007935e+03 6.81311584e+02
    1.47449219e+03 6.33473572e+02 1.34820898e+03 5.85126770e+02
    1.21973474e+03 5.35804199e+02 1.08963074e+03 4.85708618e+02
    9.56479309e+02 4.34498627e+02 8.20636047e+02 3.81820526e+02</data></image_points>
</opencv_storage>
